8 8
6.719293e-322
2.359418e-310
1.313023e-316
2.359432e-310
2.359418e-310
2.359418e-310
2.359418e-310
1.312876e-316
1.292916e-316
1.168308e-316
2.359418e-310
1.246818e-316
2.359418e-310
2.359418e-310
2.359432e-310
0.000000e+00
2.359418e-310
1.292917e-316
1.312876e-316
6.952720e-310
1.312926e-316
-nan
8.646149e-322
6.952720e-310
1.272563e-316
0.000000e+00
1.292922e-316
1.272652e-316
0.000000e+00
6.952720e-310
2.359418e-310
1.292915e-316
1.292922e-316
1.272652e-316
0.000000e+00
2.359418e-310
2.359432e-310
2.359418e-310
0.000000e+00
1.272570e-316
1.272652e-316
1.272563e-316
1.292933e-316
0.000000e+00
1.272508e-316
2.359418e-310
1.272652e-316
1.300940e-316
0.000000e+00
2.359418e-310
1.300940e-316
1.312876e-316
1.300940e-316
0.000000e+00
1.292933e-316
0.000000e+00
1.272508e-316
2.359418e-310
0.000000e+00
0.000000e+00
0.000000e+00
6.952720e-310
1.272664e-316
1.272663e-316
16
