8 8
6.719293e-322
2.356179e-310
1.405722e-316
2.356193e-310
2.356179e-310
2.356179e-310
2.356179e-310
1.405567e-316
1.365177e-316
1.260588e-316
2.356179e-310
1.339509e-316
2.356179e-310
2.356179e-310
2.356193e-310
0.000000e+00
2.356179e-310
1.365178e-316
1.405567e-316
6.952832e-310
4.940656e-324
-nan
3.804305e-322
6.952832e-310
1.365158e-316
4.940656e-324
1.377232e-316
1.404997e-316
0.000000e+00
6.952832e-310
2.356179e-310
1.365176e-316
1.377232e-316
1.404997e-316
0.000000e+00
2.356179e-310
2.356193e-310
2.356179e-310
0.000000e+00
1.365165e-316
1.404997e-316
1.365158e-316
1.377281e-316
0.000000e+00
1.345295e-316
2.356179e-310
1.404997e-316
1.377279e-316
4.940656e-324
2.356179e-310
1.377279e-316
1.405567e-316
1.377279e-316
4.940656e-324
1.377281e-316
0.000000e+00
1.345295e-316
2.356179e-310
0.000000e+00
0.000000e+00
0.000000e+00
6.952832e-310
1.377270e-316
1.377262e-316
